# timecode format v2
0.000
38.560
77.130
115.694
154.266
192.831
231.395
270.051
308.539
347.121
385.679
424.246
462.818
501.384
539.957
578.524
617.094
655.651
694.219
732.783
771.364
809.923
848.496
887.066
925.625
964.205
1002.767
1041.334
1079.899
1118.488
1157.035
1195.617
1234.180
1272.746
1311.311
1349.881
1388.464
1427.014
1465.584
1504.152
1542.720
1581.290
1619.862
1658.423
1696.997
1735.565
1774.217
1812.706
1851.319
1889.843
1928.412
1966.973
2005.541
2044.112
2082.693
2121.244
2159.825
2198.410
2236.951
2275.525
2314.089
2352.665
2391.225
2429.797
2468.365
2506.931
2545.513
2584.086
2622.635
2661.203
2699.774
2738.348
2776.918
2815.478
2854.054
2892.611
2931.191
2969.755
3008.319
3046.891
3085.467
3124.028
3162.597
3201.173
3239.729
3278.300
3316.866
3355.439
3394.010
3432.574
3471.141
3509.705
3548.299
3586.848
3625.410
3663.984
3702.558
3741.173
3779.690
3818.255
3856.830
3895.400
3933.962
3972.533
4011.124
4049.676
4088.235
4126.800
4165.379
4203.948
4242.508
4281.090
4319.648
4358.211
4396.800
4435.357
4473.923
4512.508
4551.059
4589.659
4628.194
4666.778
4705.328
4743.917
4782.470
4821.039
4859.602
4898.188
4936.737
4975.305
5013.910
5052.553
5091.015
5129.583
5168.160
5206.715
5245.286
5283.870
5322.430
5360.996
5399.561
5438.141
5476.705
5515.267
5553.831
5592.403
5630.982
5669.546
5708.115
5746.675
5785.255
5823.815
5862.393
5900.948
5939.544
5978.091
6016.680
6055.225
6093.800
6132.363
6170.947
6209.496
6248.075
6286.641
6325.201
6363.775
6402.348
6440.911
6479.485
6518.050
6556.618
6595.184
6633.753
6672.325
6710.893
6749.455
6788.029
6826.605
6865.165
6903.735
6942.303
6980.865
7019.449
7058.008
7096.579
7135.152
7173.709
7212.276
7250.855
7289.423
7328.012
7366.559
7405.121
7443.693
7482.273
7520.825
7559.392
7597.960
7636.528
7675.097
7713.664
7752.235
7790.802
7829.372
7867.939
7906.508
7945.076
7983.645
8022.214
8060.782
8099.351
8137.918
8176.488
8215.055
8253.624
8292.192
8330.762
8369.340
8407.916
8446.469
8485.035
8523.602
8562.172
8600.740
8639.309
8677.878
8716.450
8755.019
8793.582
8832.152
8870.720
8909.289
8947.857
8986.425
9024.994
9063.562
9102.131
9140.699
9179.267
9217.838
9256.415
9295.007
9333.573
9372.112
9410.679
9449.248
9487.815
9526.391
9564.953
9603.521
9642.090
9680.660
9719.233
9757.825
9796.392
9834.938
9873.502
9912.077
9950.653
9989.208
10027.775
10066.344
10104.915
10143.481
10182.056
10220.619
10259.186
10297.755
10336.327
10374.892
10413.461
10452.031
10490.598
10529.179
10567.734
10606.329
10644.877
10683.441
10722.010
10760.577
10799.154
10837.721
10876.283
10914.875
10953.421
10991.988
11030.556
11069.125
11107.694
11146.271
11184.832
11223.402
11261.968
11300.539
11339.106
11377.675
11416.252
11454.820
11493.380
11531.954
11570.518
11609.086
11647.655
11686.225
11724.795
11763.361
11801.928
11840.506
11879.064
11917.633
11956.201
11994.771
12033.338
12071.908
12110.477
12149.045
12187.613
12226.183
12264.752
12303.319
12341.904
12380.466
12419.042
12457.624
12496.176
12534.749
12573.314
12611.890
12650.469
12689.049
12727.592
12766.155
12804.714
12843.281
12881.868
12920.416
12958.984
12997.558
13036.125
13074.689
13113.257
13151.827
13190.395
13228.963
13267.533
13306.101
13344.670
13383.239
13421.806
13460.375
13498.944
13537.512
13576.081
13614.650
13653.218
13691.787
13730.356
13768.923
13807.493
13846.060
13884.629
13923.199
13961.767
14000.337
14038.904
14077.472
14116.041
14154.609
14193.179
14231.747
14270.316
14308.883
14347.453
14386.021
14424.589
14463.158
14501.727
14540.296
14578.864
14617.432
14656.002
14694.570
14733.138
14771.707
14810.277
14848.843
14887.411
14925.981
14964.549
15003.117
15041.686
15080.255
15118.824
15157.391
15195.961
15234.528
15273.096
15311.665
15350.234
15388.804
15427.371
15465.940
15504.535
15543.077
15581.646
15620.215
15658.784
15697.354
15735.920
15774.490
15813.058
15851.627
15890.196
15928.764
15967.332
16005.901
16044.469
16083.038
16121.606
16160.189
16198.744
16237.312
16275.881
16314.450
16353.018
16391.587
16430.156
16468.724
16507.294
16545.862
16584.431
16622.999
16661.572
16700.136
16738.704
16777.273
16815.842
16854.410
16892.979
16931.547
16970.115
17008.684
17047.254
17085.822
17124.390
17162.959
17201.528
17240.098
17278.665
17317.238
17355.803
17394.371
17432.940
17471.509
17510.077
17548.645
17587.216
17625.784
17664.353
17702.921
17741.489
17780.059
17818.625
17857.194
17895.763
17934.331
17972.902
18011.469
18050.037
18088.606
18127.174
18165.744
18204.311
18242.880
18281.449
18320.018
18358.586
18397.155
18435.726
18474.292
18512.861
18551.430
18589.998
18628.567
18667.136
18705.706
18744.276
18782.842
18821.412
18859.980
18898.549
18937.118
18975.686
19014.254
19052.823
19091.392
19129.961
19168.528
19207.097
19245.665
19284.235
19322.805
19361.372
19399.940
19438.508
19477.077
19515.646
19554.215
19592.783
19631.352
